TILEMAP
36 33 							-- Size of tile map in tiles
16 32 							-- Tile size & block size
images/blocks.png 	-- Tilesheet
2 2 								-- Number of tiles in tilesheet
111111111111111111111111111111111111
11                                11
11                                11
11                                11
11                                11
11                                11
11                                11
11      111111111111111111        11
11                                11
11                                11
11                                11
11                                11
1111   4444   22222222   4444   1111
11                                11
11                                11
11                                11
11                                11
11   3333   111111111111   3333   11
11                                11
11                                11
11                                11
11                                11
1111   1111   22222222   1111   1111
11                                11
11                                11
11                                11
11                                11
1111   1111111111111111111111   1111
11                                11
11                                11
11                                11
11                                11
111111111111111111111111111111111111
