TILEMAP
36 33 							-- Size of tile map in tiles
16 32 							-- Tile size & block size
images/blocks.png 	-- Tilesheet
2 2 								-- Number of tiles in tilesheet
111111111111111111111111111111111111
11                                11
11                                11
11                                11
11                                11
11                                11
11                                11
11   444444   111111   444444     11
11                                11
11                                11
11                                11
11                                11
111111   2222   1111   2222   111111
11                                11
11                                11
11                                11
11                                11
11   333333   111111   333333     11
11                                11
11                                11
11                                11
11                                11
111111   1111   2222   1111   111111
11                                11
11                                11
11                                11
11                                11
1111   1111111111111111111111   1111
11                                11
11                                11
11                                11
11                                11
111111111111111111111111111111111111
