TILEMAP
36 28 							-- Size of tile map in tiles
16 32 							-- Tile size & block size
images/blocks.png 	-- Tilesheet
2 2 								-- Number of tiles in tilesheet
111111111111111111111111111111111111
11                                11
11                                11
11                                11
11   11    11    11    11    11   11
11                                11
11                                11
11                                11
11                                11
11              2222              11
11                                11
11                                11
11                                11
11               2                11
11                                11
11                                11
11                                11
11                                11
11   222222222222        44444444411
11                                11
11                                11
11                                11
11               11               11
11                       11       11
11        33                      11
11                                11
11               11               11
111111111111111111111111111111111111
